142012
117682
165667
199146
121337
153044
128602
184192
134477
103832
103308
120663
166142
184777
171106
115057
114457
123260
129134
127988
159790
176320
187590
107775
178485
131750
188011
176941
101145
187553
188727
129290
185740
192708
121723
123563
143340
157385
138813
127423
181520
137595
107134
188021
104329
115156
164669
154404
184127
164978
187285
111339
167212
102833
181124
137286
138531
150724
112209
190156
138826
198332
124112
170385
117020
181521
116841
115876
143413
128629
134311
130192
154751
137524
125480
138466
198575
143399
184095
165281
148584
143269
133475
191604
135973
107643
144314
131751
158267
140012
169912
196890
119654
166232
170018
150788
150307
172387
158209
198162