1496
3556
4747
3882
7126
8487
7763
1617
7672
8968
2472
1317
3840
3727
3048
9031
3328
5550
5555
9594
5578
2846
4749
3762
4469
2725
2530
3093
7664
5343
7393
4525
5649
7542
4424
5015
1113
6665
7054
9595
9404
1852
6858
9066
8692
2698
2697
8213
8160
4536
8161
6470
5046
4430
7574
5602
1154
6122
3229
3171
7294
5144
8119
9555
9505
4508
9670
1064
1460
6160
3507
1422
7132
5918
4857
7881
7981
3849
2786
9185
9430
5286
9616
3470
3124
1599
5742
4350
2705
2347
3488
4719
4408
1631
4505
2998
8687
2245
1511
8931
1024
2357
8254
8778
3609
1595
7077
9373
1744
1626
6590
2691
6088
8443
2101
7704
2332
4459
6279
4030
4526
3246
4751
8410
9794
1934
3564
8853
4664
2606
1813
4633
6568
4911
7747
6183
3345
4825
4362
9292
4164
1759
4181
1514
9627
9252
7538
7206
9897
8637
8924
7466
9866
9357
1415
4714
6536
3759
5166
8767
3495
1850
6303
9681
1333
4314
7476
9595
5743
5642
9687
1106
5572
5221
4866
9655
4813
8205
3065
2484
8386
1622
4952
4998
1171
3961
5161
8034
6356
2641
1439
9502
3128
2165
4681
7631
4436
2440
6576
3884