53 95 83 26
64 33 19 98
52 24 43 60
76 20 44 82
55 61 31 29
62 22 17 68
20 49 87 34
66 39 92 32
48 49 91 55
88 50 41 51
54 27 70 77
85 10 60 31
37 13 61 28
83 93 51 75
23 69 67 81
38 27 33 30
30 26 43 46
75 39 82 40
12 55 97 45
92 41 73 98
35 45 48 96
92 89 71 22
74 79 35 82
59 13 86 54
32 17 66 92
58 24 93 93
51 10 79 33
99 35 37 16
81 97 64 12
19 45 69 58
34 86 17 56
14 93 23 73
60 20 36 38
28 40 54 80
46 61 96 33
17 67 82 72
25 81 27 88
88 72 44 76
52 69 85 74
66 89 27 59
84 37 25 18
83 43 66 42
73 95 86 14
86 15 30 39
45 32 34 44
21 11 70 54
50 12 53 56
29 22 67 13
29 99 99 85
69 41 75 65
97 59 78 28
47 89 84 81
19 33 56 50
62 44 90 64
31 99 37 20
43 44 37 57
25 26 48 34
12 64 30 26
30 76 38 41
46 89 13 73
57 11 87 71
42 98 29 18
91 53 80 14
91 15 46 24
42 95 16 17
78 18 18 76
65 65 34 25
21 46 36 77
59 68 36 72
72 16 71 94
80 63 22 35
77 96 38 74
98 50 14 47
19 58 40 70
21 79 10 53
87 60 36 45
51 78 63 94
15 11 79 10
32 27 77 24
91 23 39 43
97 56 49 11
62 42 11 24
85 88 29 40
78 96 90 80
62 39 28 20
35 74 13 94
15 12 31 87
52 47 61 67
18 28 58 49
84 47 23 16
32 68 14 55
31 21 21 15
94 38 19 63
90 84 63 23
16 52 48 57
40 57 75 68
41 42 83 70
36 25 71 26
22 90 95 65