1004 1006 1007 1003
1009 1009 2110 7995
7398 1000 1001 1009
1007 1008 1003 1004
1007 1005 1001 1007
1009 1009 1003 1009
1003 1007 1003 1009
1004 1002 1005 1008
1004 1006 1000 1002
7057 1000 1000 1006
1004 2485 1007 1008
1005 1003 1002 1007
1000 1005 1004 1008
1002 1004 1009 1004
1002 1001 1001 1005
1008 1008 1000 1006
1009 1004 1004 1001
1002 1008 6729 1008
1001 1001 1004 1002
1006 1002 1008 1002
1007 1007 1003 1003
5461 3375 1003 1003
1000 1004 1004 1007
1008 1004 1006 1000
1007 1007 1001 1007
1004 1000 1002 1001
8986 2419 1003 1006
1005 2982 1000 1004
1004 1006 1008 1006
1007 1004 1000 1007
1005 1000 1005 1003
1007 1000 1005 1003
5137 1009 1007 1006
1002 1002 1009 1005
1003 6191 1006 1006
1001 2360 1007 1003
1004 1006 1008 1006
1002 1009 1008 1005
1008 1007 1000 1000
1007 1009 1001 1004
8111 1001 1004 1007
1005 1006 1003 1000
5849 1004 1007 1008
1003 1004 1002 1007
1003 1005 1007 1003
6346 1009 8184 1004
3952 1003 1001 1009
1009 1008 1009 1000
1006 1000 1007 1003
1000 1007 1005 4192